num_healthy_workers,num_in_flight_async_sample_reqs,num_remote_worker_restarts,num_agent_steps_sampled,num_agent_steps_trained,num_env_steps_sampled,num_env_steps_trained,num_env_steps_sampled_this_iter,num_env_steps_trained_this_iter,num_env_steps_sampled_throughput_per_sec,num_env_steps_trained_throughput_per_sec,timesteps_total,num_env_steps_sampled_lifetime,num_agent_steps_sampled_lifetime,num_steps_trained_this_iter,agent_timesteps_total,done,training_iteration,trial_id,date,timestamp,time_this_iter_s,time_total_s,pid,hostname,node_ip,time_since_restore,iterations_since_restore,info/num_env_steps_sampled,info/num_env_steps_trained,info/num_agent_steps_sampled,info/num_agent_steps_trained,info/num_training_step_calls_since_last_synch_worker_weights,env_runners/episode_reward_max,env_runners/episode_reward_min,env_runners/episode_reward_mean,env_runners/episode_len_mean,env_runners/episodes_timesteps_total,env_runners/num_faulty_episodes,env_runners/num_episodes,env_runners/episode_return_max,env_runners/episode_return_min,env_runners/episode_return_mean,env_runners/episodes_this_iter,timers/training_iteration_time_ms,timers/restore_workers_time_ms,timers/training_step_time_ms,timers/sample_time_ms,timers/synch_weights_time_ms,counters/num_env_steps_sampled,counters/num_env_steps_trained,counters/num_agent_steps_sampled,counters/num_agent_steps_trained,counters/num_training_step_calls_since_last_synch_worker_weights,perf/cpu_util_percent,perf/ram_util_percent,info/learner_queue/size_count,info/learner_queue/size_mean,info/learner_queue/size_std,info/learner_queue/size_quantiles,info/timing_breakdown/learner_grad_time_ms,info/timing_breakdown/learner_load_time_ms,info/timing_breakdown/learner_load_wait_time_ms,info/timing_breakdown/learner_dequeue_time_ms,env_runners/hist_stats/episode_reward,env_runners/hist_stats/episode_lengths
25,50,0,0,0,0,0,0,0,0.0,0.0,0,0,0,0,0,False,1,1109e_00000,2024-09-02_00-10-02,1725203402,70.010169506073,70.010169506073,2989111,v1,143.248.233.21,70.010169506073,1,0,0,0,0,54943,nan,nan,nan,nan,0,0,0,nan,nan,nan,0,10000.19,0.01,0.331,0.296,0.009,0,0,0,0,54943,68.172,49.412,0,nan,nan,1.0,0.0,0.0,0.0,0.0,[],[]
25,50,0,15964,10098,7982,10098,7982,10098,798.1554899766194,1009.7436905266728,7982,7982,15964,10098,15964,False,2,1109e_00000,2024-09-02_00-11-12,1725203472,70.01135993003845,140.02152943611145,2989111,v1,143.248.233.21,140.02152943611145,2,7982,10098,15964,10098,17260,nan,nan,nan,nan,0,0,0,nan,nan,nan,0,10000.38,0.01,0.421,0.339,0.019,7982,10098,15964,10098,17260,68.984,51.409,1,0.0,0.0,"[0.0, 0.0, 0.0, 0.0, 0.0]",498.86,1223.518,72237.111,71013.125,[],[]
25,50,0,121144,61237,44458,61237,36476,51139,3647.543212372835,5113.820384294726,44458,44458,121144,51139,121144,False,3,1109e_00000,2024-09-02_00-12-22,1725203542,70.01085209846497,210.03238153457642,2989111,v1,143.248.233.21,210.03238153457642,3,44458,61237,121144,61237,38752,nan,nan,nan,nan,0,0,0,nan,nan,nan,0,10000.312,0.01,0.349,0.271,0.019,44458,61237,121144,61237,38752,68.37575757575759,53.94040404040403,5,0.0,0.0,"[0.0, 0.0, 0.0, 0.0, 0.0]",245.15,1223.518,29422.647,71013.125,[],[]
25,50,0,204864,125339,78873,125339,34415,64102,3441.4934358722003,6410.1877735371145,78873,78873,204864,64102,204864,False,4,1109e_00000,2024-09-02_00-13-32,1725203612,70.01127243041992,280.04365396499634,2989111,v1,143.248.233.21,280.04365396499634,4,78873,125339,204864,125339,24088,nan,nan,nan,nan,0,0,0,nan,nan,nan,0,10000.243,0.008,0.2,0.141,0.014,78873,125339,204864,125339,24088,69.51414141414142,55.686868686868685,10,0.0,0.0,"[0.0, 0.0, 0.0, 0.0, 0.0]",214.185,1326.957,21901.995,104530.787,[],[]
25,50,0,405513,196426,162010,196426,83137,71087,8313.658375257044,7108.664408408981,162010,162010,405513,71087,405513,False,5,1109e_00000,2024-09-02_00-14-42,1725203682,70.19398665428162,350.23764061927795,2989111,v1,143.248.233.21,350.23764061927795,5,162010,196426,405513,196426,32699,nan,nan,nan,nan,0,0,0,nan,nan,nan,0,10000.207,0.009,0.227,0.158,0.015,162010,196426,405513,196426,32699,68.649,57.253,15,0.0,0.0,"[0.0, 0.0, 0.0, 0.0, 0.0]",164.954,1326.957,14245.678,104530.787,[],[]
25,50,0,559343,311020,229135,311020,67125,114594,6712.434384868197,11459.287983606499,229135,229135,559343,114594,559343,False,6,1109e_00000,2024-09-02_00-15-52,1725203752,70.01220846176147,420.24984908103943,2989111,v1,143.248.233.21,420.24984908103943,6,229135,311020,559343,311020,26669,nan,nan,nan,nan,0,0,0,nan,nan,nan,0,10000.192,0.007,0.169,0.115,0.012,229135,311020,559343,311020,26669,72.13333333333334,58.52727272727272,21,0.0,0.0,"[0.0, 0.0, 0.0, 0.0, 0.0]",170.818,1680.925,7847.52,113382.011,[],[]
25,50,0,788132,438271,311986,438271,82851,127251,8285.089333276177,12725.083616959684,311986,311986,788132,127251,788132,False,7,1109e_00000,2024-09-02_00-17-02,1725203822,70.03403759002686,490.2838866710663,2989111,v1,143.248.233.21,490.2838866710663,7,311986,438271,788132,438271,32817,nan,nan,nan,nan,0,0,0,nan,nan,nan,0,10000.169,0.009,0.44,0.368,0.016,311986,438271,788132,438271,32817,71.055,59.80199999999999,26,0.0,0.0,"[0.0, 0.0, 0.0, 0.0, 0.0]",183.328,1464.531,7840.109,101070.502,[],[]
25,50,0,1079103,599805,424175,599805,112189,161534,11218.75957506235,16153.197810820326,424175,424175,1079103,161534,1079103,False,8,1109e_00000,2024-09-02_00-18-12,1725203892,70.28887104988098,560.5727577209473,2989111,v1,143.248.233.21,560.5727577209473,8,424175,599805,1079103,599805,4914,nan,nan,nan,nan,0,0,0,nan,nan,nan,0,10000.165,0.008,0.193,0.132,0.013,424175,599805,1079103,599805,4914,71.29393939393938,60.63232323232322,32,0.0,0.0,"[0.0, 0.0, 0.0, 0.0, 0.0]",155.65,1464.531,7887.711,101070.502,[],[]
25,50,0,1302230,797818,513218,797818,89043,198013,8904.212535296332,19801.10549680079,513218,513218,1302230,198013,1302230,False,9,1109e_00000,2024-09-02_00-19-23,1725203963,70.19365930557251,630.7664170265198,2989111,v1,143.248.233.21,630.7664170265198,9,513218,797818,1302230,797818,1370,nan,nan,nan,nan,0,0,0,nan,nan,nan,0,10000.16,0.008,0.209,0.145,0.014,513218,797818,1302230,797818,1370,71.73599999999999,60.464,37,0.0,0.0,"[0.0, 0.0, 0.0, 0.0, 0.0]",139.414,1943.848,8034.001,106400.193,[],[]
25,50,0,1446042,968200,568513,968200,55295,170382,5529.476797391979,17038.12850516756,568513,568513,1446042,170382,1446042,False,10,1109e_00000,2024-09-02_00-20-33,1725204033,70.0123336315155,700.7787506580353,2989111,v1,143.248.233.21,700.7787506580353,10,568513,968200,1446042,968200,34421,nan,nan,nan,nan,0,0,0,nan,nan,nan,0,10000.149,0.008,0.194,0.135,0.014,568513,968200,1446042,968200,34421,73.22929292929292,59.717171717171716,41,0.0,0.0,"[0.0, 0.0, 0.0, 0.0, 0.0]",161.209,1943.848,13327.74,106400.193,[],[]
25,50,0,1701118,1025951,664381,1025951,95868,57751,9586.656919116225,5775.013807901293,664381,664381,1701118,57751,1701118,False,11,1109e_00000,2024-09-02_00-21-43,1725204103,70.01617360115051,770.7949242591858,2989111,v1,143.248.233.21,770.7949242591858,11,664381,1025951,1701118,1025951,10870,nan,nan,nan,nan,0,0,0,nan,nan,nan,0,10000.147,0.009,0.239,0.167,0.016,664381,1025951,1701118,1025951,10870,72.60999999999999,59.964,46,0.0,0.0,"[0.0, 0.0, 0.0, 0.0, 0.0]",172.879,1891.054,13694.612,110098.307,[],[]
25,50,0,1897281,1106947,736440,1106947,72059,80996,7205.397170507477,8099.03480789941,736440,736440,1897281,80996,1897281,False,12,1109e_00000,2024-09-02_00-22-53,1725204173,70.01147890090942,840.8064031600952,2989111,v1,143.248.233.21,840.8064031600952,12,736440,1106947,1897281,1106947,29427,nan,nan,nan,nan,0,0,0,nan,nan,nan,0,10000.162,0.009,0.268,0.194,0.017,736440,1106947,1897281,1106947,29427,71.57171717171717,60.07373737373737,51,0.0,0.0,"[0.0, 0.0, 0.0, 0.0, 0.0]",154.344,1793.33,14210.956,104083.817,[],[]
25,50,0,1997110,1243643,774693,1243643,38253,136696,3824.678557577851,13667.37929330149,774693,774693,1997110,136696,1997110,False,13,1109e_00000,2024-09-02_00-24-03,1725204243,70.06645631790161,910.8728594779968,2989111,v1,143.248.233.21,910.8728594779968,13,774693,1243643,1997110,1243643,34245,nan,nan,nan,nan,0,0,0,nan,nan,nan,0,10000.308,0.011,3.894,3.792,0.028,774693,1243643,1997110,1243643,34245,70.96363636363635,60.009090909090894,55,0.0,0.0,"[0.0, 0.0, 0.0, 0.0, 0.0]",152.427,1793.33,13918.091,104083.817,[],[]
25,50,0,2172195,1338297,850983,1338297,76290,94654,7628.956710536549,9465.346290196965,850983,850983,2172195,94654,2172195,False,14,1109e_00000,2024-09-02_00-25-13,1725204313,70.01201105117798,980.8848705291748,2989111,v1,143.248.233.21,980.8848705291748,14,850983,1338297,2172195,1338297,35184,nan,nan,nan,nan,0,0,0,nan,nan,nan,0,10000.312,0.009,0.208,0.142,0.015,850983,1338297,2172195,1338297,35184,72.57300000000001,60.31100000000001,59,0.0,0.0,"[0.0, 0.0, 0.0, 0.0, 0.0]",157.934,1615.315,13816.892,106980.334,[],[]
25,50,0,2480567,1404439,959598,1404439,108615,66142,10676.3938111064,6501.478059698932,959598,959598,2480567,66142,2480567,False,15,1109e_00000,2024-09-02_00-26-23,1725204383,70.18774056434631,1051.0726110935211,2989111,v1,143.248.233.21,1051.0726110935211,15,959598,1404439,2480567,1404439,22389,nan,nan,nan,nan,0,0,0,nan,nan,nan,0,10017.648,0.024,32.011,31.823,0.052,959598,1404439,2480567,1404439,22389,67.98700000000002,61.231,64,0.0,0.0,"[0.0, 0.0, 0.0, 0.0, 0.0]",148.275,1615.315,14215.146,106980.334,[],[]
25,50,0,2554187,1560740,985225,1560740,25627,156301,2562.669084011161,15629.91144105937,985225,985225,2554187,156301,2554187,False,16,1109e_00000,2024-09-02_00-27-33,1725204453,70.01126098632812,1121.0838720798492,2989111,v1,143.248.233.21,1121.0838720798492,16,985225,1560740,2554187,1560740,38307,nan,nan,nan,nan,0,0,0,nan,nan,nan,0,10017.649,0.01,0.255,0.164,0.017,985225,1560740,2554187,1560740,38307,67.46262626262626,61.34343434343433,67,0.0,0.0,"[0.0, 0.0, 0.0, 0.0, 0.0]",146.369,1604.739,13969.692,109479.408,[],[]
25,50,0,2700462,1628670,1039798,1628670,54573,67930,5457.270985140092,6792.9638836158265,1039798,1039798,2700462,67930,2700462,False,17,1109e_00000,2024-09-02_00-28-43,1725204523,70.02772116661072,1191.11159324646,2989111,v1,143.248.233.21,1191.11159324646,17,1039798,1628670,2700462,1628670,34910,nan,nan,nan,nan,0,0,0,nan,nan,nan,0,10017.653,0.009,0.203,0.141,0.013,1039798,1628670,2700462,1628670,34910,70.13939393939394,61.872727272727275,72,0.0,0.0,"[0.0, 0.0, 0.0, 0.0, 0.0]",154.932,1604.739,13982.324,109479.408,[],[]
25,50,0,2953732,1762145,1137651,1762145,97853,133475,9785.198515669004,13347.36157173434,1137651,1137651,2953732,133475,2953732,False,18,1109e_00000,2024-09-02_00-29-53,1725204593,70.22132754325867,1261.3329207897186,2989111,v1,143.248.233.21,1261.3329207897186,18,1137651,1762145,2953732,1762145,14890,nan,nan,nan,nan,0,0,0,nan,nan,nan,0,10017.651,0.009,0.259,0.187,0.016,1137651,1762145,2953732,1762145,14890,71.48399999999998,62.81899999999998,77,0.0,0.0,"[0.0, 0.0, 0.0, 0.0, 0.0]",162.431,1729.595,14333.987,111778.081,[],[]
25,49,0,3125549,1926047,1209927,1926047,72276,163902,7222.373543315251,16378.347840174556,1209927,1209927,3125549,163902,3125549,False,19,1109e_00000,2024-09-02_00-31-03,1725204663,70.02078056335449,1331.3537013530731,2989111,v1,143.248.233.21,1331.3537013530731,19,1209927,1926047,3125549,1926047,0,nan,nan,nan,nan,0,0,0,nan,nan,nan,0,10018.364,0.008,7.48,0.739,1.098,1209927,1926047,3125549,1926047,0,71.1070707070707,63.54848484848486,83,0.0,0.0,"[0.0, 0.0, 0.0, 0.0, 0.0]",141.458,1673.012,7860.724,111727.42,[],[]
25,50,0,3338366,2081651,1290539,2081651,80612,155604,7966.357642608556,15377.327378311686,1290539,1290539,3338366,155604,3338366,False,20,1109e_00000,2024-09-02_00-32-14,1725204734,70.13614130020142,1401.4898426532745,2989111,v1,143.248.233.21,1401.4898426532745,20,1290539,2081651,3338366,2081651,36049,nan,nan,nan,nan,0,0,0,nan,nan,nan,0,10030.265,0.009,18.756,0.153,18.548,1290539,2081651,3338366,2081651,36049,69.771,63.802,88,0.0,0.0,"[0.0, 0.0, 0.0, 0.0, 0.0]",128.152,1673.012,7524.224,111727.42,[],[]
25,50,0,3539694,2266969,1372849,2266969,82310,185318,8230.882452521584,18531.535346086686,1372849,1372849,3539694,185318,3539694,False,21,1109e_00000,2024-09-02_00-33-24,1725204804,70.16343665122986,1471.6532793045044,2989111,v1,143.248.233.21,1471.6532793045044,21,1372849,2266969,3539694,2266969,20685,nan,nan,nan,nan,0,0,0,nan,nan,nan,0,10030.265,0.008,0.197,0.134,0.014,1372849,2266969,3539694,2266969,20685,69.83535353535355,63.73939393939393,94,0.0,0.0,"[0.0, 0.0, 0.0, 0.0, 0.0]",140.097,1797.628,7774.305,110530.967,[],[]
